Stable agent:
- improvement data: 
	- pre: [4,6,4,3,4,4,4,5,3,4,3,4,4,3,4,5,3,3,4,5,3,4,5,4,3,5,3,4,6,5,3,4,5,4,3,3,3,3,4,4,3,4,4,3,4,4,4,3,4,5,3,3,3,3,3,3,4,4,3,3,3,4,4,5,5,4,4,5,5,3,3,3,4,4,5,4,3,3,4,4,4,5,5,4,3,2,6,3,5,4,4,5,5,3,6,5,3,4,5,3,4,4,4,4,4,4,3,4,4,4,4,4,3,5,5,6,4,4,3,5,3,4,5,3,5,5,4,4,4,4,3,4,4,4,5,3,4,5,5,3,3,4,4,4,5,4,5,4,3,4,5,4,5,4,5,4,3,3,3,3,4,6,4,4,5,4,5,3,5,3,4,4,3,4,6,5,3,4,4,4,3,4,4,5,5,4,4,6,3,4,4,5,3,3,3,4,4,4,4,3]
	- post: [4,6,4,4,4,5,3,4,4,3,4,4,4,3,3,4,3,3,4,4,3,4,5,3,5,4,4,6,5,4,4,3,5,3,4,3,3,4,3,5,5,4,3,4,4,4,4,5,4,5,3,3,4,4,4,4,3,4,3,3,3,5,3,5,5,5,4,4,5,4,4,4,3,4,5,5,3,3,4,4,3,3,4,5,5,4,5,3,4,3,4,4,5,4,5,5,3,3,3,4,4,3,4,3,4,4,5,4,5,4,5,4,3,5,4,4,3,5,3,4,3,4,5,4,5,4,4,5,4,4,4,4,3,3,5,5,3,4,3,3,5,3,3,4,4,3,4,3,4,4,4,4,6,4,5,5,3,3,4,5,4,5,4,4,5,3,4,4,5,3,3,4,4,3,5,6,3,5,5,4,3,4,3,5,5,3,3,6,5,4,4,5,4,3,3,3,4,4,5,3]
- coordination data: N/A

Basic agent:
- improvement data:
	- pre: [4,4,3,5,3,3,3,5,4,3,4,3,4,5,4,7,4,5,5,6,3,5,3,5,3,4,3,4,4,5,3,5,5,4,3,4,5,5,4,5,3,5,6,3,4,3,5,5,6,5,5,3,5,3,5,4,16,4,5,5,8,3,4,5,5,3,4,4,4,5,3,5,5,3,4,3,4,3,2,3,6,4,3,3,4,6,5,5,4,5,4,3,3,3,4,4,3,5,5,3,4,5,6,3,5,4,3,5,5,5,5,3,4,4,5,4,3,5,4,4,6,3,5,4,5,5,5,5,6,4,5,5,5,4,5,4,5,5,5,4,4,5,4,3,4,5,5,3,4,4,7,5,3,4,3,3,5,6,5,3,8,4,4,4,4,3,5,4,4,8,4,4,5,4,3,5,4,4,4,5,3,5,3,4,3,4,4,6,4,16,5,4,16,3,5,2,6,3,4,3]
	- post: [16,16,16,16,16,16,16,16,16,16,16,16,16,16,16,16,16,16,16,16,16,16,16,16,16,16,16,16,16,16,16,16,16,16,16,16,16,16,16,16,16,16,16,16,16,16,16,16,16,16,16,16,16,16,16,16,16,16,16,16,16,16,16,16,16,16,16,16,16,16,16,16,5,16,16,16,16,16,16,16,16,16,16,16,16,16,16,16,16,16,16,16,16,16,16,16,16,16,16,16,16,16,16,16,16,16,16,16,16,16,16,16,16,16,16,16,16,16,16,16,16,16,16,16,16,16,16,16,16,16,16,16,16,16,16,16,16,16,16,16,16,16,16,16,16,16,16,16,16,16,16,16,16,16,16,16,16,16,16,16,16,16,16,16,16,16,16,16,16,16,16,16,16,16,16,16,16,16,16,16,16,16,16,16,16,16,16,9,16,16,16,16,16,16,16,16,16,16,6,16]
- coordination data:
	- pre: [16,16,16,16,16,16,16,16,16,16,16,16,16,16,16,16,16,16,16,16,16,16,16,16,16,16,16,16,16,16,16,16,16,16,16,16,16,16,7,16,16,16,16,16,16,16,16,12,16,16,16,16,16,16,16,16,16,16,16,16,16,16,16,16,16,16,16,16,16,16,16,16,16,16,16,16,16,16,16,16,16,16,16,16,16,16,16,16,16,16,16,16,16,16,16,16,16,16,16,16,16,16,16,16,16,16,16,16,16,16,16,16,16,16,16,16,8,16,16,16,16,16,16,16,16,16,16,16,16,16,16,16,16,16,16,16,11,16,16,16,16,16,16,16,16,16,16,16,16,16,16,16,16,16,16,16,16,16,16,16,16,16,16,16,16,16,16,16,16,16,16,16,16,16,16,16,16,16,16,16,16,16,16,16,16,16,16,16,16,16,16,16,16,16,16,16,16,16,16,16]
	- post: [9,3,5,6,6,4,5,6,10,5,6,5,5,4,6,6,3,7,4,4,3,7,5,6,4,7,5,5,5,4,5,3,5,5,3,4,5,3,3,6,7,5,5,4,5,4,5,5,5,7,4,4,5,8,7,4,5,5,5,6,5,5,5,5,8,5,6,5,5,5,3,5,5,5,4,4,9,6,4,8,4,3,4,6,6,4,4,16,4,6,8,9,5,6,6,5,5,4,5,5,7,4,10,8,6,5,4,3,8,6,4,5,7,6,7,5,4,7,5,6,5,5,11,5,6,8,5,8,3,6,5,4,6,5,8,7,5,4,12,12,3,4,3,6,9,5,3,4,6,5,5,5,5,9,5,5,6,6,7,4,4,7,3,5,4,7,5,5,4,5,16,4,5,5,6,6,16,6,5,6,8,11,9,3,15,7,6,5,4,7,6,5,6,8,5,5,7,5,5,6]

Reasoning agent:
- improvement data:
	- pre: [4,4,3,4,4,3,5,3,5,4,5,5,4,3,5,3,4,3,4,3,5,4,4,5,6,3,4,6,3,4,3,3,3,9,5,4,3,5,3,3,3,6,4,6,4,3,5,3,4,4,3,4,4,4,5,3,3,3,4,5,3,5,5,4,3,4,5,4,3,5,4,5,5,4,4,3,5,5,3,5,3,3,4,4,3,3,4,6,6,8,5,5,3,3,4,4,11,4,5,3,5,3,3,4,4,4,8,5,3,4,6,4,7,4,4,3,4,5,4,4,4,3,4,3,5,5,4,4,3,4,3,3,5,4,5,3,5,11,7,4,5,5,4,6,3,5,5,4,4,4,5,6,3,4,3,4,4,4,3,10,3,7,4,4,4,4,4,4,4,4,5,3,5,3,5,3,5,3,5,3,3,4,5,5,5,6,5,4,4,6,4,9,5,5,4,8,4,4,4,3]
	- post: [16,16,16,16,16,16,16,16,16,16,16,16,16,16,16,16,16,16,16,6,16,16,16,16,16,16,16,16,16,16,16,16,16,16,16,16,16,16,16,16,16,16,16,16,16,16,16,16,16,16,16,16,16,16,16,16,16,16,16,16,16,16,16,16,16,16,16,16,16,16,16,16,16,16,16,16,16,16,16,16,16,16,16,16,16,16,16,16,16,16,16,16,16,16,16,16,16,16,16,16,16,16,16,16,16,16,16,16,16,16,16,16,16,16,16,16,16,16,16,16,16,16,16,16,16,16,16,16,16,16,16,16,16,16,16,16,16,16,16,16,16,16,16,16,16,16,16,16,16,16,16,16,16,16,16,16,16,16,16,16,16,16,16,16,16,16,16,16,16,16,16,16,16,16,16,16,16,16,16,16,16,16,16,16,16,16,16,16,16,16,16,16,16,16,16,16,16,16,16,16]
- coordination data:
	- pre: [16,16,16,16,16,16,16,16,16,16,16,16,16,16,16,16,16,16,16,16,16,16,16,16,16,16,16,16,16,16,16,16,16,16,16,16,16,16,16,5,16,16,16,16,16,16,16,16,16,16,16,16,16,16,16,16,16,16,16,16,16,16,14,16,16,16,16,16,16,16,16,16,16,16,16,16,16,16,16,16,16,16,16,16,16,16,16,16,16,16,16,16,16,16,16,16,16,16,16,16,16,16,16,16,16,16,16,16,16,16,16,16,16,16,16,16,16,16,16,16,16,16,16,16,16,16,16,16,16,16,16,16,16,16,16,16,16,16,16,16,16,16,16,16,16,16,16,16,16,16,16,16,15,16,16,16,16,16,16,16,16,16,16,16,16,16,16,16,16,16,16,16,16,16,16,16,16,16,16,16,16,16,16,16,16,16,16,16,16,16,16,16,16,6,16,16,16,16,16,16]
	- post: [7,4,5,6,7,4,8,6,6,6,4,6,6,7,6,6,8,7,6,5,3,5,8,6,12,7,4,5,5,6,6,5,7,5,4,2,5,5,9,3,14,5,5,4,7,5,5,8,6,5,5,6,5,6,7,6,4,5,4,5,12,5,6,4,5,4,4,6,9,6,7,15,4,6,7,8,5,5,3,6,6,3,6,5,16,5,3,3,3,7,6,5,7,5,3,3,5,9,7,7,3,5,10,4,5,6,5,5,9,6,5,8,6,6,12,7,6,5,3,6,5,3,7,5,7,6,4,5,3,8,6,5,16,16,7,6,3,6,7,6,11,5,4,6,7,5,5,4,2,9,5,8,5,4,5,5,7,5,5,7,5,6,8,8,7,4,5,4,5,5,5,5,6,6,7,5,4,5,7,5,5,5,16,5,8,8,5,12,5,6,16,8,5,3,4,5,4,7,11,3]

Machine learning agent:
- improvement data:
	- pre: [2,3,4,3,3,3,3,3,3,3,4,3,3,3,3,3,3,3,4,3,3,2,3,4,3,4,3,3,3,3,3,4,3,3,3,3,4,3,3,3,3,3,3,3,3,3,4,3,3,4,3,4,3,3,3,3,3,2,3,2,3,3,3,2,3,3,3,5,3,3,3,3,3,3,3,3,3,3,4,3,3,3,3,3,3,3,4,3,4,4,3,4,3,3,4,3,3,3,3,3,3,4,3,3,3,3,3,3,3,3,3,3,4,3,4,3,3,3,3,4,2,3,3,3,3,3,3,3,3,3,3,3,3,3,3,3,3,3,3,3,3,3,3,3,3,3,3,3,3,3,3,3,3,2,3,4,4,3,3,3,3,3,3,3,3,3,3,3,3,3,3,3,3,3,3,3,3,3,3,3,3,3,3,3,3,3,3,3,3,3,3,3,3,3,3,3,3,3,3,3]
	- post: [3,4,3,3,3,3,3,3,3,3,3,3,3,3,3,3,3,3,4,3,3,4,3,3,3,5,3,3,3,4,2,3,2,3,3,3,3,3,3,3,3,4,3,3,3,3,3,4,2,3,3,3,4,3,3,3,3,3,3,3,3,3,4,3,3,3,3,3,3,3,3,3,4,3,3,3,2,3,3,3,3,4,3,3,3,3,3,3,4,3,3,3,3,3,3,3,2,3,3,3,3,3,2,3,3,3,4,3,3,3,3,3,4,3,3,3,3,3,3,4,3,3,3,3,3,3,3,3,2,3,3,3,3,3,3,3,4,3,3,3,3,3,3,3,3,4,3,3,3,3,3,3,4,3,3,3,3,3,3,3,3,3,3,3,3,3,3,3,3,3,3,3,3,3,3,3,3,3,3,4,3,3,3,3,4,3,3,3,3,3,3,3,3,3,3,3,3,3,3,3]
- coordination data: N/A
